<svg class="header__logo-image" xmlns="http://www.w3.org/2000/svg" width="152" height="40" viewBox="0 0 152 40" fill="none">
    <g clip-path="url(#clip0_6448_73887)">
    <rect y="4" width="32" height="32" fill="#FF0032"/>
    <path d="M3.63281 22.3515L7.39386 15.8371C8.06486 14.6749 9.30491 13.959 10.6469 13.959H21.399C22.733 13.959 23.9669 14.6665 24.6408 15.8178L28.4651 22.3515L21.9377 26.1201L19.2681 21.4963H12.8299L10.1603 26.1201L3.63281 22.3515Z" fill="white"/>
    <path d="M43.502 7.259V17H41.326V5.27H45.032L48.619 14.875L52.24 5.27H55.827V17H53.464V7.208L49.758 17H47.191L43.502 7.259ZM57.4214 7.208V5.27H69.3894V7.208H64.5954V17H62.2154V7.208H57.4214ZM69.8347 11.152C69.8347 10.0413 69.9764 9.10067 70.2597 8.33C70.5544 7.548 70.9794 6.919 71.5347 6.443C72.0901 5.95567 72.7701 5.60433 73.5747 5.389C74.3794 5.17367 75.3031 5.066 76.3457 5.066C78.2157 5.066 79.6721 5.37767 80.7147 6.001C81.7574 6.613 82.3637 7.63867 82.5337 9.078H80.1367C79.9781 8.23933 79.5871 7.67267 78.9637 7.378C78.3404 7.072 77.4677 6.919 76.3457 6.919C75.7224 6.919 75.1557 6.97567 74.6457 7.089C74.1357 7.20233 73.6994 7.40067 73.3367 7.684C72.9854 7.956 72.7134 8.32433 72.5207 8.789C72.3281 9.25367 72.2317 9.83167 72.2317 10.523V11.713C72.2317 12.393 72.3281 12.9653 72.5207 13.43C72.7134 13.8947 72.9854 14.2687 73.3367 14.552C73.6994 14.8353 74.1301 15.0393 74.6287 15.164C75.1387 15.2887 75.7111 15.351 76.3457 15.351C76.8897 15.351 77.3714 15.3227 77.7907 15.266C78.2214 15.2093 78.5954 15.1073 78.9127 14.96C79.2301 14.8013 79.4907 14.5917 79.6947 14.331C79.8987 14.0703 80.0517 13.736 80.1537 13.328H82.5507C82.3354 14.7107 81.7064 15.7023 80.6637 16.303C79.6324 16.9037 78.1931 17.204 76.3457 17.204C75.3031 17.204 74.3794 17.102 73.5747 16.898C72.7701 16.6827 72.0901 16.337 71.5347 15.861C70.9794 15.385 70.5544 14.7617 70.2597 13.991C69.9764 13.2203 69.8347 12.274 69.8347 11.152ZM51.22 22.27V24.208H43.706V27.319H49.843V29.223H43.706V34H41.326V22.27H51.22ZM63.7129 27.506C63.7129 26.214 63.3275 25.296 62.5569 24.752C61.7975 24.1967 60.6642 23.919 59.1569 23.919C57.6382 23.919 56.4992 24.1967 55.7399 24.752C54.9805 25.296 54.6009 26.214 54.6009 27.506V28.713C54.6009 29.3703 54.6915 29.9313 54.8729 30.396C55.0655 30.8493 55.3489 31.2233 55.7229 31.518C56.1082 31.8013 56.5842 32.011 57.1509 32.147C57.7289 32.283 58.3975 32.351 59.1569 32.351C60.6642 32.351 61.7975 32.0733 62.5569 31.518C63.3275 30.9627 63.7129 30.0277 63.7129 28.713V27.506ZM52.2039 28.084C52.2039 26.9733 52.3512 26.0383 52.6459 25.279C52.9519 24.5083 53.3939 23.885 53.9719 23.409C54.5612 22.933 55.2865 22.593 56.1479 22.389C57.0205 22.1737 58.0235 22.066 59.1569 22.066C60.2902 22.066 61.2875 22.1737 62.1489 22.389C63.0215 22.593 63.7469 22.933 64.3249 23.409C64.9142 23.885 65.3562 24.5083 65.6509 25.279C65.9569 26.0383 66.1099 26.9733 66.1099 28.084C66.1099 29.2173 65.9569 30.175 65.6509 30.957C65.3562 31.7277 64.9142 32.3567 64.3249 32.844C63.7469 33.32 63.0215 33.6657 62.1489 33.881C61.2875 34.0963 60.2902 34.204 59.1569 34.204C58.0235 34.204 57.0205 34.0963 56.1479 33.881C55.2865 33.6657 54.5612 33.32 53.9719 32.844C53.3939 32.3567 52.9519 31.7277 52.6459 30.957C52.3512 30.175 52.2039 29.2173 52.2039 28.084ZM67.6765 28.152C67.6765 27.03 67.8182 26.0837 68.1015 25.313C68.3962 24.5423 68.8212 23.919 69.3765 23.443C69.9432 22.9557 70.6289 22.6043 71.4335 22.389C72.2495 22.1737 73.1789 22.066 74.2215 22.066C75.1622 22.066 76.0009 22.1397 76.7375 22.287C77.4742 22.423 78.1032 22.644 78.6245 22.95C79.1459 23.256 79.5652 23.6583 79.8825 24.157C80.1999 24.6443 80.4152 25.2393 80.5285 25.942H78.1315C77.9615 25.16 77.5535 24.6273 76.9075 24.344C76.2729 24.0493 75.3775 23.902 74.2215 23.902C73.5415 23.902 72.9409 23.9643 72.4195 24.089C71.9095 24.2137 71.4789 24.4233 71.1275 24.718C70.7875 25.0013 70.5269 25.3753 70.3455 25.84C70.1642 26.2933 70.0735 26.8543 70.0735 27.523V28.747C70.0735 30.073 70.4249 31.008 71.1275 31.552C71.8302 32.096 72.8615 32.368 74.2215 32.368C75.6042 32.368 76.6185 32.1527 77.2645 31.722C77.9219 31.28 78.2902 30.5773 78.3695 29.614H74.4255V27.999H80.6815V28.985C80.6815 29.8803 80.5342 30.6567 80.2395 31.314C79.9562 31.96 79.5369 32.4983 78.9815 32.929C78.4375 33.3597 77.7632 33.6827 76.9585 33.898C76.1652 34.102 75.2529 34.204 74.2215 34.204C73.1789 34.204 72.2495 34.102 71.4335 33.898C70.6289 33.6827 69.9432 33.337 69.3765 32.861C68.8212 32.385 68.3962 31.7617 68.1015 30.991C67.8182 30.2203 67.6765 29.274 67.6765 28.152ZM94.1429 22.27C95.5142 22.27 96.5172 22.6043 97.1519 23.273C97.7979 23.9303 98.1209 24.8597 98.1209 26.061C98.1209 27.2737 97.7979 28.2143 97.1519 28.883C96.5172 29.5517 95.5142 29.886 94.1429 29.886H89.1279V34H86.7479V22.27H94.1429ZM95.7239 25.84C95.7239 25.33 95.5765 24.9163 95.2819 24.599C94.9872 24.2817 94.4999 24.123 93.8199 24.123H89.1279V28.033H93.8199C94.4999 28.033 94.9872 27.88 95.2819 27.574C95.5765 27.2567 95.7239 26.843 95.7239 26.333V25.84ZM102.343 22.27V32.062H109.517V34H99.9627V22.27H102.343ZM118.344 22.27L123.512 34H121.03L119.721 30.991H113.448L112.139 34H109.895L115.08 22.27H118.344ZM114.213 29.24H118.956L116.576 23.817L114.213 29.24ZM121.448 22.27H124.168L128.35 27.438L132.277 22.27H134.691L129.438 29.121V34H127.058V29.121L121.448 22.27Z" fill="#FAFAFA"/>
    <path fill-rule="evenodd" clip-rule="evenodd" d="M145.792 5C144.263 5 143 6.11842 143 7.525V17.75H144.49V14.85H148.468C148.906 14.85 149.602 14.85 150.188 14.4945C150.792 14.1281 151.25 13.4053 151.25 12.0259C151.25 11.4046 151.096 10.9275 150.85 10.5642C150.604 10.2015 150.271 9.96014 149.926 9.80047C149.601 9.64996 149.262 9.57057 148.966 9.52993C149.063 9.48036 149.162 9.41957 149.258 9.34504C149.65 9.03872 149.979 8.51207 149.979 7.625C149.979 6.5819 149.522 5.91944 148.95 5.52233C148.385 5.12977 147.714 5 147.278 5H145.792ZM149.725 12.2485V11.7615C149.725 11.3339 149.596 11.0125 149.352 10.7811C149.109 10.5521 148.725 10.4257 148.175 10.4257H145.675V9.22957H147.085C147.58 9.22957 147.917 9.10047 148.125 8.86778C148.34 8.62807 148.454 8.29012 148.454 7.83804V7.44848C148.454 7.03564 148.341 6.73845 148.132 6.53672C147.924 6.33687 147.585 6.22391 147.085 6.22391H145.695C145.015 6.22391 144.487 6.7173 144.487 7.29891L144.49 13.6261H148.175C148.707 13.6261 149.089 13.5048 149.341 13.2825C149.591 13.0527 149.725 12.7149 149.725 12.2485Z" fill="#969FA8"/>
    </g>
    <defs>
    <clipPath id="clip0_6448_73887">
    <rect width="152" height="40" fill="white"/>
    </clipPath>
    </defs>
</svg>